# x y z
0.074094 0.613743 0.010990
0.995644 0.599434 0.857127
0.218276 0.536838 0.103741
0.193100 0.403562 0.874175
0.870409 0.068961 0.082713
0.553303 0.701682 0.237351
0.291818 0.026064 0.032386
0.736771 0.196158 0.041619
0.783033 0.409947 0.025697
0.289966 0.984700 0.857639
0.523629 0.158372 0.136678
0.309030 0.451559 0.799980
0.794903 0.265635 0.959449
0.598822 0.839261 0.924409
0.752425 0.997904 0.880722
0.615149 0.808150 0.127426
0.196158 0.563626 0.143208
0.422399 0.577646 0.831781
0.582878 0.019466 0.196282
0.220139 0.455041 0.215472
0.006929 0.675414 0.005927
0.710781 0.017916 0.979561
0.083948 0.613090 0.947091
0.666162 0.974761 0.839319
0.519396 0.909394 0.901009
0.755220 0.772018 0.988183
0.545734 0.644980 0.861557
0.473773 0.073713 0.050293
0.561153 0.517921 0.918120
0.024855 0.459557 0.857005
0.063870 0.767721 0.094809
0.338349 0.393148 0.991742
0.595533 0.343054 0.979060
0.367514 0.326548 0.933680
0.982966 0.584271 0.923403
0.491493 0.620002 0.664457
0.449036 0.910148 0.860842
0.112533 0.419631 0.125007
0.192053 0.872882 0.999721
0.340941 0.207543 0.898322
0.782071 0.428986 0.927070
0.337973 0.735137 0.231641
0.457525 0.348170 0.057935
0.678248 0.807847 0.157548
0.652215 0.480231 0.964381
0.318767 0.544006 0.906675
0.714286 0.470355 0.964128
0.018646 0.555755 0.054204
0.746046 0.490696 0.061672
0.030133 0.350290 0.687262
0.347743 0.584487 0.186115
0.982054 0.225265 0.998717
0.657734 0.916489 0.182116
0.031364 0.783525 0.779620
0.714286 0.285714 0.039081
0.289463 0.406461 0.182636
0.416336 0.058912 0.096645
0.225505 0.438818 0.144227
0.012178 0.455371 0.916868
0.655337 0.229841 0.902437
0.763503 0.381752 0.958682
0.107275 0.791465 0.893431
0.429232 0.296587 0.158376
0.385149 0.996638 0.138481
0.290626 0.637588 0.826488
0.596876 0.193865 0.974193
0.663602 0.912402 0.763847
0.069916 0.289293 0.177402
0.761979 0.548691 0.886155
0.456628 0.161734 0.950613
0.013198 0.552370 0.161486
0.613794 0.387076 0.058957
0.358893 0.959391 0.812087
0.403800 0.174921 0.004108
0.026303 0.419139 0.159074
0.084282 0.863835 0.156575
0.759654 0.748351 0.134807
0.722765 0.106683 0.407714
0.383823 0.390046 0.122479
0.310608 0.485934 0.851924
0.828144 0.586444 0.041586
0.692517 0.986274 0.803215
0.551201 0.449957 0.975174
0.533039 0.890727 0.040088
0.153343 0.207605 0.940131
0.824102 0.403717 0.991261
0.407598 0.534083 0.219215
0.661534 0.246394 0.946154
0.314275 0.986805 0.061815
0.887157 0.549953 0.997046
0.923758 0.616535 0.075101
0.079363 0.226462 0.871669
0.418504 0.787303 0.782250
0.576105 0.571734 0.000535
0.193434 0.807812 0.165332
0.982803 0.456640 0.941778
0.180399 0.637506 0.112941
0.230367 0.719929 0.784147
0.511006 0.580278 0.111193
0.600744 0.006845 0.072401
0.032729 0.270310 0.075810
0.914140 0.167812 0.904347
0.411058 0.025889 0.181884
0.445701 0.422571 0.892118
0.109727 0.229555 0.025549
0.383750 0.349635 0.265776
0.760971 0.743963 0.931855
0.698162 0.154644 0.928941
0.608650 0.403102 0.904921
0.969611 0.886550 0.901486
0.149867 0.934055 0.819749
0.789425 0.319498 0.081681
0.434752 0.364064 0.792043
0.448224 0.290372 0.096169
0.011559 0.858741 0.950284
0.637607 0.112422 0.973388
0.801110 0.180145 0.015493
0.628056 0.008362 0.882007
0.452762 0.270013 0.925287
0.515114 0.672216 0.151387
0.792999 0.568053 0.952854
0.878456 0.049284 0.039796
0.694683 0.996307 0.105287
0.622030 0.529082 0.149664
0.250351 0.784018 0.130521
0.009043 0.315025 0.853910
0.763584 0.208092 0.132067
0.636115 0.524692 0.024916
0.558224 0.154902 0.002436
0.513258 0.521179 0.194291
0.743525 0.734760 0.775363
0.992474 0.593924 0.797507
0.220665 0.853037 0.942262
0.245450 0.977745 0.134728
0.452543 0.987683 0.077891
0.989504 0.701249 0.047105
0.976392 0.857001 0.000131
0.233506 0.933173 0.260576
0.026239 0.776815 0.994354
0.081900 0.639119 0.829640
0.613409 0.773430 0.099940
0.368524 0.833465 0.296068
0.833070 0.414240 0.887813
0.732553 0.063775 0.051660
0.995139 0.724537 0.932694
0.495124 0.641922 0.743482
0.194580 0.667542 0.084583
0.373186 0.751555 0.857780
0.936675 0.057983 0.592367
0.499011 0.485375 0.949866
0.053119 0.633349 0.134995
0.153077 0.587079 0.855824
0.564707 0.575485 0.813399
0.506687 0.009619 0.119667
0.103246 0.382110 0.943001
0.035109 0.742812 0.852085
0.009560 0.429973 0.972157
0.279469 0.539464 0.268009
0.175844 0.638977 0.914007
0.901888 0.279850 0.057507
0.517697 0.400669 0.849230
0.826699 0.157861 0.966038
0.703522 0.714115 0.837887
0.461268 0.667223 0.802449
0.433898 0.008255 0.233276
0.069995 0.974476 0.316923
0.751527 0.516738 0.733169
0.015182 0.754789 0.126714
0.017982 0.337764 0.898929
0.624509 0.791713 0.845014
0.652129 0.611616 0.965085
0.554749 0.898684 0.858171
0.662409 0.022253 0.708908
0.853631 0.692085 0.967698
0.659479 0.761232 0.889309
0.075953 0.922583 0.104604
0.689618 0.132631 0.996234
0.416992 0.505081 0.895218
0.789378 0.476227 0.978926
0.626478 0.202484 0.034540
0.149804 0.781223 0.065693
0.820473 0.301644 0.920822
0.527423 0.356062 0.951242
0.187236 0.487933 0.176200
0.736921 0.513147 0.030651
0.324211 0.899956 0.900484
0.514794 0.173240 0.924939
0.043394 0.001167 0.234280
0.735592 0.608362 0.992970
0.893100 0.360639 0.976313
0.969732 0.620214 0.962835
0.008747 0.752179 0.221135
0.665887 0.858103 0.007811
0.703133 0.221322 0.070961
0.467321 0.546297 0.138779
0.460787 0.977472 0.763724
0.503361 0.760067 0.837602
0.997875 0.257885 0.126627
0.203087 0.488899 0.848844
0.222012 0.379561 0.905699
0.668647 0.007424 0.148880
0.448720 0.646928 0.090833
0.192253 0.515413 0.925015
0.813838 0.301788 0.035183
0.887701 0.422442 0.058605
0.718541 0.637151 0.282841
0.216556 0.723788 0.883276
0.241648 0.876157 0.881060
0.108629 0.902350 0.862583
0.044660 0.918408 0.051213
0.417901 0.456685 0.856285
0.022826 0.270401 0.313417
0.762080 0.871149 0.879048
0.178094 0.762345 0.910648
0.169841 0.761355 0.856918
0.528108 0.730532 0.057401
0.829391 0.462945 0.080983
0.956516 0.216560 0.947090
0.015217 0.636860 0.636559
0.691204 0.172483 0.852647
0.496688 0.984323 0.823562
0.028046 0.603051 0.889775
0.836072 0.956650 0.838396
0.879522 0.665236 0.006260
0.010591 0.403550 0.097001
0.833639 0.617354 0.924021
0.018670 0.568581 0.099931
0.882762 0.328193 0.006170
0.313324 0.177382 0.035272
0.819599 0.715254 0.009180
0.231220 0.845174 0.830869
0.179053 0.527373 0.890202
0.420194 0.352068 0.028670
0.784641 0.944871 0.928552
0.683253 0.368823 0.117211
0.300360 0.588222 0.781704
0.748856 0.541910 0.095689
0.025111 0.576894 0.312634
0.845562 0.007587 0.990817
0.767720 0.956555 0.134769
0.570683 0.455902 0.004058
0.532510 0.706570 0.883556
0.422617 0.268448 0.967544
0.758934 0.719102 0.189561
0.622987 0.881761 0.889916
0.206422 0.838357 0.216256
0.734728 0.704320 0.881792
0.301049 0.804869 0.719302
0.289683 0.433714 0.940886
0.722419 0.699585 0.085158
0.642857 0.321427 0.043292
0.226116 0.969348 0.184543
0.129044 0.714286 0.120121
0.228341 0.102697 0.992601
0.469951 0.838834 0.818382
0.964867 0.406183 0.787926
0.403643 0.858822 0.926178
0.285901 0.343359 0.055467
0.251160 0.288902 0.879074
0.754216 0.842953 0.109691
0.622262 0.785150 0.804318
0.585462 0.433823 0.091786
0.714286 0.396844 0.043486
0.768635 0.865898 0.068481
0.484387 0.667741 0.988669
0.630158 0.886239 0.312844
0.019870 0.561889 0.247343
0.290253 0.712880 0.185678
0.324697 0.865935 0.857887
0.005879 0.437186 0.196883
0.358409 0.869228 0.197241
0.376298 0.030323 0.000399
0.170941 0.830492 0.127394
0.276956 0.758481 0.834445
0.314644 0.867656 0.159930
0.089921 0.629072 0.193779
0.021131 0.288652 0.240609
0.356664 0.813710 0.078847
0.211784 0.491271 0.055719
0.364662 0.896728 0.112515
0.519009 0.738998 0.188781
0.798603 0.086869 0.015042
0.221699 0.990044 0.906167
0.290914 0.318136 0.834260
0.627594 0.460000 0.224464
0.613920 0.137886 0.099483
0.600749 0.565438 0.867271
0.614514 0.101647 0.790255
0.486700 0.112421 0.872974
0.851183 0.697191 0.094387
0.366776 0.528593 0.155825
0.614595 0.635471 0.906110
0.505327 0.006583 0.856790
0.313740 0.418832 0.097877
0.036212 0.301546 0.758427
0.044953 0.413815 0.000088
0.363133 0.567816 0.875018
0.507224 0.014171 0.017168
0.454527 0.608901 0.927771
0.466637 0.326689 0.999867
0.709484 0.039947 0.927921
0.092122 0.794375 0.408170
0.426305 0.730598 0.169095
0.168612 0.574782 0.214979
0.603008 0.120712 0.056767
0.493671 0.744651 0.898630
0.785714 0.381294 0.045360
0.279151 0.685477 0.988043
0.874620 0.472046 0.959348
0.648400 0.308649 0.079405
0.025984 0.711942 0.169640
0.526616 0.193994 0.027073
0.070573 0.256479 0.810611
0.170389 0.371503 0.832843
0.580182 0.902855 0.124214
0.246529 0.824763 0.096362
0.974502 0.359387 0.028305
0.877226 0.520084 0.036806
0.515855 0.925182 0.103171
0.471788 0.235894 0.047206
0.766130 0.522514 0.005467
0.142073 0.767249 0.805315
0.646315 0.222138 0.281053
0.793441 0.945405 0.253031
0.510126 0.554261 0.039211
0.682138 0.799564 0.197353
0.601430 0.935751 0.233962
0.595003 0.687186 0.127990
0.463979 0.997118 0.947235
0.520364 0.008321 0.900865
0.753527 0.237122 0.994191
0.735726 0.609568 0.057914
0.600664 0.698490 0.075553
0.408347 0.147234 0.053225
0.192020 0.283841 0.103396
0.691569 0.672294 0.028485
0.005891 0.021661 0.000773
0.861448 0.564953 0.128339
0.991789 0.461581 0.126562
0.662721 0.498281 0.928353
0.951226 0.330127 0.945530
0.396677 0.016004 0.898348
0.401493 0.847916 0.135672
0.508078 0.884380 0.176796
0.470534 0.076741 0.974875
0.262781 0.995338 0.763772
0.834548 0.725510 0.044521
0.019826 0.414340 0.058314
0.012050 0.950169 0.703842
0.533277 0.827762 0.145042
0.909867 0.454932 0.027423
0.971003 0.725056 0.889550
0.444320 0.493596 0.071794
0.520707 0.971185 0.152797
0.377955 0.529446 0.112228
0.470757 0.756263 0.112771
0.681949 0.292087 0.974554
0.419965 0.650791 0.135898
0.179450 0.672168 0.160623
0.293736 0.151533 0.085648
0.909308 0.608368 0.015696
0.574036 0.860477 0.084532
0.603237 0.704091 0.933921
0.968719 0.504686 0.996199
0.609088 0.574434 0.114065
0.070982 0.572011 0.742856
0.942361 0.961544 0.149956
0.204662 0.434017 0.099661
0.820858 0.004598 0.187294
0.420770 0.450771 0.159678
0.545944 0.331673 0.029193
0.220157 0.277376 0.147040
0.299403 0.862469 0.024291
0.037197 0.452343 0.825089
0.017755 0.463923 0.888689
0.583127 0.646941 0.167245
0.598433 0.471979 0.057451
0.263376 0.958484 0.098973
0.416483 0.832959 0.886560
0.630608 0.111233 0.027656
0.543270 0.271637 0.884974
0.319186 0.059906 0.947718
0.580851 0.116572 0.942994
0.606353 0.319492 0.939113
0.270709 0.398812 0.740564
0.968926 0.014460 0.775237
0.484201 0.220870 0.982940
0.589938 0.985617 0.950358
0.571336 0.827574 0.861375
0.846336 0.588953 0.978925
0.454386 0.257124 0.725616
0.162698 0.512547 0.804028
0.594195 0.021526 0.000432
0.624382 0.586336 0.066825
0.435152 0.451747 0.362241
0.552165 0.248915 0.060964
0.783440 0.174811 0.091842
0.447567 0.110365 0.636397
0.245673 0.272301 0.207151
0.651003 0.422669 0.019238
