# x y z
0.142912 0.235079 0.856770
0.275145 0.705240 0.196864
0.007687 0.433646 0.827162
0.425895 0.027751 0.975940
0.279717 0.454688 0.920680
0.667703 0.699132 0.999152
0.742218 0.347732 0.076777
0.374886 0.517743 0.119952
0.519071 0.603286 0.936718
0.906534 0.314604 0.027099
0.372296 0.772662 0.894690
0.757335 0.400193 0.972231
0.624710 0.428571 0.044257
0.597414 0.827290 0.094343
0.921960 0.740194 0.097561
0.107406 0.642329 0.315808
0.441514 0.023784 0.889937
0.057390 0.690041 0.705793
0.035263 0.299365 0.094902
0.488782 0.512283 0.783648
0.094985 0.441913 0.931383
0.138078 0.805638 0.912187
0.640785 0.024699 0.167325
0.851065 0.958575 0.819596
0.324616 0.344961 0.046153
0.320159 0.421705 0.855981
0.443486 0.742199 0.863665
0.286652 0.988538 0.190290
0.642857 0.214286 0.036344
0.324274 0.982656 0.754954
0.845411 0.589722 0.030506
0.993330 0.462338 0.143195
0.776066 0.236679 0.771429
0.571429 0.442639 0.990438
0.435170 0.678010 0.164123
0.428571 0.877526 0.837298
0.566466 0.160586 0.133761
0.352037 0.576533 0.231341
0.429555 0.575635 0.882783
0.883215 0.810569 0.991981
0.009504 0.840421 0.820889
0.746718 0.515600 0.011900
0.122645 0.754169 0.158797
0.393471 0.047939 0.027267
0.599873 0.128973 0.927014
0.890737 0.231538 0.056384
0.063558 0.275425 0.742392
0.603623 0.783525 0.135593
0.043998 0.794664 0.761455
0.876767 0.341194 0.960790
0.583428 0.636113 0.132956
0.642857 0.230022 0.975918
0.591273 0.285714 0.039891
0.464269 0.928571 0.095060
0.034146 0.324806 0.881295
0.370970 0.604103 0.109654
0.914683 0.000657 0.049331
0.998775 0.491428 0.230806
0.847647 0.646921 0.641819
0.695170 0.782441 0.151758
0.903150 0.474579 0.022942
0.183706 0.843313 0.879101
0.571429 0.260947 0.971010
0.456732 0.896675 0.806173
0.602852 0.995747 0.888397
0.128258 0.692625 0.885660
0.144284 0.249873 0.888613
0.616349 0.825754 0.834928
0.832809 0.500000 0.977392
0.493118 0.761450 0.896492
0.067646 0.166089 0.107138
0.773256 0.993415 0.092371
0.489864 0.076956 0.953018
0.733321 0.971842 0.971818
0.302358 0.263382 0.164032
0.594335 0.646650 0.851005
0.587547 0.214286 0.998176
0.173986 0.490934 0.096219
0.466756 0.523179 0.849288
0.293296 0.515684 0.864983
0.481575 0.214286 0.028771
0.985321 0.661335 0.933430
0.623195 0.376263 0.978095
0.852181 0.910646 0.483001
0.264547 0.619895 0.885116
0.731600 0.015841 0.875384
0.880051 0.689725 0.022916
0.520215 0.395633 0.093701
0.999423 0.106192 0.994976
0.638923 0.011876 0.932182
0.480328 0.460995 0.031567
0.730601 0.600491 0.989350
0.865865 0.946343 0.899179
0.442810 0.530873 0.151114
0.044787 0.466107 0.886387
0.183457 0.772239 0.992290
0.661015 0.111607 0.063600
0.012549 0.541348 0.076483
0.607147 0.485987 0.059582
0.742527 0.187088 0.926767
0.528663 0.028663 0.999763
0.281062 0.311285 0.199446
0.256225 0.472221 0.138822
0.621491 0.889541 0.122596
0.660037 0.783407 0.865412
0.642857 0.886297 0.162960
0.035217 0.403223 0.688076
0.817430 0.580671 0.960140
0.248256 0.533308 0.833414
0.928571 0.518031 0.060117
0.181641 0.008008 0.063668
0.041556 0.731397 0.094124
0.304430 0.564231 0.945171
0.759445 0.294698 0.026970
0.734217 0.326810 0.929842
0.483116 0.447572 0.958163
0.404888 0.288167 0.972112
0.812585 0.511587 0.955524
0.098090 0.740623 0.127244
0.740746 0.825575 0.091594
0.309749 0.901205 0.127379
0.304849 0.803305 0.808874
0.605907 0.891406 0.347507
0.419703 0.005664 0.310172
0.190715 0.880235 0.111817
0.355844 0.530328 0.165281
0.240424 0.156889 0.992113
0.905919 0.350149 0.082953
0.357143 0.857143 0.150940
0.023254 0.021693 0.276746
0.174852 0.574015 0.787616
0.621079 0.960096 0.094628
0.730566 0.724215 0.052057
0.642857 0.285714 0.958551
0.588877 0.984649 0.114357
0.479449 0.111273 0.059291
0.751147 0.690449 0.910615
0.168426 0.716647 0.215388
0.678810 0.387193 0.890575
0.565424 0.705000 0.764283
0.430376 0.272496 0.086348
0.198245 0.675319 0.145842
0.399226 0.441840 0.924427
0.524701 0.267393 0.946759
0.601644 0.680064 0.097315
0.012872 0.341315 0.999659
0.203474 0.720244 0.915857
0.751935 0.652673 0.868080
0.853592 0.024850 0.646912
0.736959 0.977573 0.906568
0.818495 0.014543 0.204999
0.785714 0.428571 0.042556
0.802945 0.121099 0.907136
0.203672 0.974964 0.851863
0.462233 0.049582 0.004738
0.984775 0.907563 0.343006
0.884206 0.722448 0.915858
0.497282 0.356895 0.908687
0.714286 0.424688 0.028695
0.685496 0.142857 0.995605
0.570117 0.851320 0.778018
0.239960 0.410458 0.889176
0.404371 0.988675 0.050441
0.338204 0.995626 0.866228
0.750899 0.638121 0.008541
0.192287 0.767101 0.857818
0.545518 0.773582 0.231261
0.397092 0.996603 0.237881
0.685282 0.388035 0.857024
0.746644 0.796184 0.843110
0.313114 0.043078 0.949167
0.487809 0.012099 0.098438
0.928571 0.532046 0.959103
0.370046 0.612461 0.194319
0.593798 0.357143 0.956147
0.147307 0.459512 0.122220
0.583232 0.826999 0.871629
0.464361 0.250075 0.962593
0.500000 0.142857 0.974744
0.977968 0.950604 0.729674
0.837636 0.302804 0.062699
0.603867 0.980919 0.855954
0.850258 0.436257 0.139436
0.516768 0.302483 0.998751
0.896088 0.378652 0.050847
0.747563 0.002766 0.016006
0.059403 0.827511 0.855601
0.619566 0.063749 0.086750
0.098609 0.620242 0.856884
0.431461 0.583855 0.086835
0.778761 0.296592 0.108300
0.663501 0.957970 0.202376
0.663514 0.909830 0.875308
0.104318 0.503197 0.138452
0.603542 0.358764 0.304314
0.565250 0.007960 0.765569
0.515636 0.658526 0.913157
0.515432 0.842954 0.848935
0.024747 0.777955 0.889522
0.781473 0.923782 0.132417
0.113193 0.292881 0.944323
0.557793 0.981815 0.005894
0.912432 0.768872 0.958410
0.076772 0.722158 0.832653
0.980719 0.597967 0.889569
0.762141 0.187088 0.880931
0.989754 0.460348 0.110055
0.192107 0.739140 0.176189
0.137635 0.839672 0.197893
0.212915 0.961301 0.150699
0.734690 0.812426 0.888596
0.175481 0.334529 0.095808
0.261758 0.453590 0.111392
0.717172 0.976553 0.832334
0.458052 0.958052 0.886047
0.714286 0.409974 0.952686
0.200788 0.645219 0.116418
0.018280 0.689025 0.255402
0.014101 0.047144 0.785675
0.668298 0.759865 0.193797
0.831088 0.221081 0.950664
0.229778 0.336156 0.126398
0.692448 0.106422 0.026172
0.571429 0.116405 0.057546
0.318857 0.256325 0.876194
0.601244 0.131467 0.891402
0.745191 0.125232 0.113793
0.610304 0.092594 0.965074
0.584110 0.787812 0.997115
0.013414 0.836500 0.071521
0.614834 0.712964 0.814777
0.138942 0.518365 0.853975
0.109137 0.994238 0.143410
0.422456 0.379816 0.992621
0.257947 0.991819 0.031030
0.642549 0.765796 0.116049
0.536748 0.300748 0.777330
0.740525 0.122331 0.055689
0.830636 0.912397 0.858387
0.499372 0.429260 0.865285
0.879097 0.614430 0.091255
0.267504 0.594206 0.175315
0.813847 0.331759 0.990182
0.841924 0.484782 0.009340
0.203796 0.892031 0.261140
0.571429 0.357143 0.027629
0.434359 0.134206 0.100353
0.883517 0.876203 0.095400
0.585827 0.172374 0.089611
0.714286 0.357143 0.044252
0.362866 0.699998 0.788285
0.383034 0.418014 0.111986
0.369701 0.858589 0.006032
0.143364 0.234038 0.820117
0.765722 0.750098 0.787224
0.264425 0.350570 0.942149
0.370508 0.856966 0.770728
0.307375 0.153581 0.906532
0.322950 0.028931 0.995175
0.484455 0.163530 0.003296
0.495455 0.562760 0.986769
0.989079 0.323719 0.958329
0.468918 0.874661 0.220675
0.883468 0.512405 0.077815
0.857143 0.428571 0.982253
0.500000 0.928571 0.150336
0.355777 0.990622 0.911224
0.193831 0.557937 0.042669
0.714286 0.500000 0.033898
0.478820 0.882517 0.889361
0.791616 0.302189 0.896445
0.084906 0.484993 0.073958
0.127023 0.567856 0.815965
0.604088 0.984410 0.060213
0.522582 0.832176 0.192693
0.254203 0.438508 0.192622
0.394725 0.019472 0.158638
0.323633 0.331068 0.004370
0.756639 0.406329 0.911969
0.573505 0.676128 0.886285
0.947086 0.175494 0.071862
0.308293 0.794459 0.222893
0.905874 0.434999 0.392888
0.482480 0.758417 0.076446
0.202958 0.405933 0.824200
0.452675 0.327123 0.944176
0.837940 0.176652 0.026839
0.497413 0.499467 0.890376
0.739253 0.289655 0.949153
0.478542 0.000235 0.163794
0.221344 0.088173 0.228368
0.621393 0.214286 0.935284
0.658322 0.567556 0.730993
0.049976 0.329283 0.797200
0.324742 0.294495 0.738592
0.016819 0.304415 0.850684
0.449719 0.969510 0.138987
0.257182 0.375218 0.159703
0.314121 0.604080 0.076633
0.753523 0.230035 0.043672
0.084829 0.325194 0.039021
0.592492 0.571622 0.017893
0.006807 0.675218 0.999625
0.191129 0.705996 0.830944
0.134019 0.204597 0.915297
0.688699 0.262692 0.062696
0.797241 0.593968 0.060598
0.446269 0.847746 0.151892
0.020686 0.777453 0.162001
0.358263 0.678336 0.822994
0.184671 0.539544 0.149493
0.469208 0.351608 0.127478
0.237082 0.155518 0.027280
0.479389 0.098058 0.925041
0.502985 0.205775 0.890678
0.166584 0.974369 0.899019
0.034714 0.458630 0.761780
0.566130 0.518214 0.098732
0.316071 0.798896 0.115205
0.158946 0.582804 0.942672
0.519528 0.214286 0.063430
0.351036 0.360876 0.827807
0.811493 0.299889 0.939334
0.323231 0.849413 0.062194
0.753758 0.305591 0.969078
0.206700 0.996406 0.795537
0.571429 0.142857 0.033898
0.011573 0.282754 0.310918
0.186430 0.400716 0.159687
0.767485 0.439515 0.081852
0.453745 0.907512 0.118644
0.405345 0.272602 0.039152
0.017116 0.823450 0.932210
0.886138 0.428571 0.067797
0.757015 0.969192 0.783618
0.970117 0.388092 0.895845
0.021180 0.615633 0.110498
0.759623 0.722806 0.126237
0.610696 0.229638 0.701500
0.153707 0.598351 0.896833
0.965365 0.439189 0.007878
0.015158 0.553717 0.924012
0.714286 0.428571 0.057348
0.450065 0.003515 0.849954
0.746877 0.219681 0.006781
0.598357 0.126130 0.016949
0.360943 0.881630 0.190802
0.592320 0.742362 0.164818
0.928571 0.571429 0.999254
0.378141 0.411461 0.147172
0.597420 0.804359 0.055160
0.603304 0.301688 0.009526
0.405486 0.009134 0.111720
0.540161 0.805538 0.155939
0.170347 0.724574 0.786595
0.575666 0.333630 0.062760
0.626368 0.126368 0.039736
0.330592 0.797994 0.942064
0.786159 0.555664 0.928642
0.887314 0.289411 0.995194
0.021838 0.575943 0.173217
0.590188 0.898499 0.907310
0.008849 0.328731 0.060314
0.286893 0.513261 0.794456
0.267713 0.956138 0.889213
0.680558 0.717941 0.290442
0.907444 0.747649 0.057447
0.909061 0.663228 0.973580
0.170755 0.846690 0.075916
0.164912 0.689635 0.095261
0.321247 0.889047 0.843008
0.510891 0.788176 0.813483
0.999875 0.489467 0.861447
0.895576 0.962594 0.159650
0.396536 0.201814 0.005309
0.461511 0.934725 0.861633
0.009645 0.610934 0.145425
0.959799 0.427464 0.983051
0.388042 0.187181 0.979806
0.108962 0.426166 0.161332
0.603443 0.983807 0.029387
0.500000 0.668217 0.157326
0.280723 0.230898 0.122278
0.876980 0.967883 0.997118
0.622034 0.992185 0.812774
0.500000 0.357143 0.984568
0.985565 0.940121 0.216534
0.236880 0.876394 0.943977
0.317306 0.436555 0.059434
0.517870 0.517870 0.150485
0.766476 0.544929 0.114020
0.726913 0.949059 0.725647
0.737157 0.984243 0.159879
0.752182 0.659822 0.096473
0.056919 0.351400 0.197384
0.626089 0.438788 0.951045
0.205155 0.226496 0.071709
0.497733 0.992578 0.194569
0.004807 0.553894 0.000126
0.234754 0.908613 0.825760
0.366898 0.989811 0.811487
0.661470 0.765195 0.913172
0.657896 0.616285 0.135750
0.345672 0.032440 0.135295
0.050811 0.566656 0.893949
0.147986 0.535247 0.212302
0.610337 0.096633 0.110845
0.000871 0.621749 0.811833
0.461192 0.546485 0.191640
0.693879 0.193879 0.976779
0.909240 0.564908 0.119810
0.012214 0.689679 0.861183
0.928571 0.500000 0.992806
0.751783 0.452178 0.994097
0.765416 0.006140 0.939287
0.949571 0.382577 0.924769
0.595009 0.237867 0.044829
0.062961 0.237372 0.997885
0.291315 0.701993 0.154017
0.989003 0.826763 0.025826
0.460969 0.882903 0.921460
0.384980 0.135002 0.061323
0.323705 0.373230 0.893910
0.883765 0.493780 0.906351
0.118573 0.801818 0.802850
0.418610 0.570994 0.813354
0.537676 0.874645 0.131692
0.199488 0.825672 0.143531
0.325569 0.887605 0.096191
0.329234 0.217732 0.060257
0.765430 0.014361 0.059826
0.976086 0.453419 0.958686
0.115229 0.558151 0.999423
0.092093 0.609366 0.139277
0.823480 0.437928 0.941859
0.450458 0.392691 0.178210
0.252303 0.664816 0.855202
0.111142 0.961790 0.094129
0.001729 0.256303 0.239191
0.314685 0.176713 0.945371
0.663956 0.646109 0.929091
0.785714 0.500000 0.041838
0.522459 0.006708 0.913829
0.312887 0.744751 0.092173
0.197299 0.369933 0.240100
0.399526 0.741072 0.197814
0.607083 0.434317 0.124930
0.591943 0.520080 0.821141
0.298375 0.895472 0.160865
0.941351 0.569732 0.765656
0.169938 0.003787 0.948257
0.631422 0.398107 0.082239
0.345850 0.984222 0.405085
0.755414 0.112557 0.993279
0.618646 0.475789 0.971794
0.882077 0.524934 0.041602
0.079963 0.229693 0.181607
0.443968 0.567064 0.039288
0.034243 0.996562 0.001231
0.142857 0.425205 0.883064
0.642857 0.357143 0.043292
0.096729 0.548562 0.111097
0.023221 0.661300 0.074510
0.017590 0.295293 0.912626
0.594634 0.536242 0.955336
0.750363 0.881463 0.181610
0.727559 0.992680 0.118939
0.668060 0.631724 0.075917
0.304786 0.785714 0.149487
0.105827 0.348690 0.126289
0.808022 0.063660 0.985707
0.331931 0.552640 0.748038
0.682167 0.519012 0.911904
0.456583 0.772425 0.131990
0.718291 0.793462 0.233105
0.481579 0.958548 0.060343
0.475702 0.189988 0.974584
0.416396 0.126262 0.842931
0.389587 0.777528 0.847066
0.556367 0.971162 0.963522
0.158063 0.498624 0.912934
0.723819 0.602962 0.042871
0.573893 0.464013 0.153383
0.443079 0.315249 0.011601
0.596354 0.262789 0.090451
0.443580 0.874458 0.705067
0.827332 0.038346 0.858369
0.550425 0.573602 0.066680
0.399225 0.135010 0.025167
0.945545 0.156350 0.020515
0.484842 0.270556 0.043537
0.944640 0.293996 0.115157
0.186548 0.394486 0.855546
0.005925 0.537430 0.042251
0.412930 0.797369 0.261911
0.820754 0.392183 0.042141
0.312075 0.585780 0.137217
0.452425 0.094901 0.603940
0.504970 0.692613 0.864834
0.277594 0.286927 0.966614
0.642857 0.580389 0.992059
0.474083 0.613360 0.131928
0.039803 0.817499 0.993829
0.772999 0.210731 0.082266
0.765994 0.705803 0.175044
0.428692 0.673102 0.926783
0.165789 0.618692 0.176453
0.231206 0.673318 0.744829
0.320499 0.363253 0.349360
0.605677 0.486269 0.033898
0.458236 0.841984 0.095203
0.185092 0.591406 0.079181
0.383747 0.486831 0.959966
0.518126 0.035299 0.817575
0.885651 0.184740 0.984968
0.505646 0.746458 0.116645
0.377651 0.772866 0.173658
0.443217 0.179132 0.930943
0.199116 0.785714 0.105184
0.320404 0.997297 0.078506
0.261430 0.018316 0.109921
0.555979 0.897197 0.167167
0.534672 0.715205 0.192644
0.660737 0.338391 0.128126
0.603525 0.564150 0.903585
0.875008 0.375735 0.274433
0.311988 0.788386 0.835034
0.374029 0.460173 0.206032
0.412815 0.384229 0.252580
0.373221 0.514556 0.893135
0.470147 0.530351 0.112247
0.013968 0.436041 0.048854
0.199565 0.527194 0.595053
0.573025 0.608261 0.174315
0.877728 0.377728 0.029016
0.558579 0.604265 0.222333
0.523209 0.666066 0.086842
0.856996 0.128259 0.134600
0.428571 0.369237 0.049369
0.596483 0.016182 0.141385
0.279879 0.358102 0.786095
0.571429 0.142857 0.992253
0.029215 0.607296 0.960123
0.580469 0.123380 0.856010
0.325996 0.884180 0.871491
0.392032 0.983965 0.940245
0.644111 0.683135 0.957654
0.431790 0.619321 0.839630
0.021823 0.397667 0.091513
0.876925 0.604564 0.056360
0.243874 0.525906 0.895824
0.357143 0.875875 0.896412
0.407954 0.355336 0.925755
0.017757 0.657640 0.196941
0.402955 0.464589 0.079977
0.756779 0.171488 0.967962
0.938116 0.160044 0.945436
0.642857 0.071429 0.993353
0.594218 0.357213 0.918832
0.480238 0.520150 0.918785
0.928571 0.642857 0.006215
0.872539 0.458290 0.095344
0.520258 0.457800 0.999674
0.532874 0.946591 0.835934
0.585691 0.162848 0.954467
0.211630 0.050923 0.684143
0.500000 0.376327 0.050208
0.713180 0.542827 0.080310
0.316824 0.333584 0.094918
0.074224 0.239617 0.141108
0.168609 0.972907 0.997196
0.594549 0.473421 0.201213
0.193622 0.502463 0.183601
0.681102 0.991611 0.261585
0.232499 0.441477 0.998122
0.013393 0.454968 0.182926
0.209858 0.603130 0.255973
0.020328 0.681226 0.042543
0.623413 0.306623 0.929791
0.714286 0.512944 0.967587
0.731036 0.821759 0.946635
0.233254 0.442826 0.075761
0.750568 0.637657 0.956262
0.019995 0.833698 0.122173
0.257667 0.806998 0.893935
0.734226 0.500000 0.060061
0.872004 0.682685 0.997729
0.792696 0.811288 0.019012
0.983940 0.324147 0.149459
0.607477 0.111068 0.219867
0.388619 0.583049 0.291370
0.500000 0.088820 0.037273
0.821024 0.571429 0.992090
0.173094 0.714969 0.057652
0.632986 0.980724 0.993910
0.749009 0.566844 0.240956
0.629566 0.460815 0.009100
0.455393 0.589523 0.682412
0.965293 0.573986 0.844476
0.610566 0.812473 0.907988
